25.10.2019 18:29:49
Operator: -
Dut-Name: -
DUT-Konfiguration: CH2: LS MOSFET D-S
CH7: flow sensor voltage (0.5-5V = 0-40 L/min)
CH8: PT1000 HS @1mA
CH9: PT1000 LS  @1mA

--Nr.--|----Zeit----|----MA3500-1----|---MA3500-2-1---|---MA3500-2-2---|---MA3500-2-3---|---MA3500-2-4---|---MA3500-2-5---|---MA3500-2-6---|---MA3500-2-7---|---MA3500-2-8---|---MA3500-2-9---|---MA3500-2-10--|------Vhmp2-----|------Ihmp2-----|------Vhmp3-----|------Ihmp3-----|------Vhmp4-----|------Ihmp4-----|-----Vps-1------|-----Ips-1------|----Temp.-1-----|----Temp.-2-----|----Temp.-3-----|----Temp.-4-----|----M-Schleif.----
    1  |  18:29:53  |   33,93334720  |    0,00030122  |    0,00000269  |   -0,00200466  |   -0,00158118  |    0,00030122  |   -0,00033400  |    0,62427347  |    1,07427776  |    1,07520936  |   -0,00012237  |   12,00000000  |    0,00000000  |    0,00000000  |    0,00000000  |    0,00000000  |    0,00020000  |    0,00000000  |    0,00000000  |   20,28519959  |  1328,72041162  |  1329,00483327  |  1329,14968694  |    1,00000000  |  
    2  |  18:30:08  |   33,68101440  |    0,00008869  |   -0,00000355  |   -0,00179370  |    0,00030043  |   -0,00033557  |   -0,00200545  |    0,62435667  |    1,07414280  |    1,07458368  |   -0,00200551  |   13,00000000  |    0,00000000  |    0,00000000  |    0,00000000  |    0,00000000  |    0,00010000  |    0,00000000  |    0,00000000  |   20,33055513  |  1328,72041162  |  1329,00483327  |  1329,14968694  |    1,00000000  |  
    3  |  18:30:22  |   33,70724160  |   -0,00012189  |   -0,00000200  |   -0,00054537  |   -0,00041868  |   -0,00179254  |   -0,00200429  |    0,61959994  |    1,07417632  |    1,07448768  |   -0,00200423  |   14,00000000  |    0,00000000  |    0,00000000  |    0,00000000  |    0,00000000  |    0,00020000  |    0,00000000  |    0,00000000  |   20,40725157  |  1328,72041162  |  1329,00483327  |  1329,14968694  |    1,00000000  |  
    4  |  18:30:36  |   33,52048000  |    0,00012458  |   -0,00000262  |   -0,00054632  |   -0,00054632  |   -0,00200524  |   -0,00200524  |    0,61962093  |    1,07310144  |    1,07343856  |   -0,00012280  |   15,00000000  |    0,00000000  |    0,00000000  |    0,00000000  |    0,00000000  |    0,00020000  |    0,00000000  |    0,00000000  |   20,32157846  |  1328,72041162  |  1329,00483327  |  1329,14968694  |    1,00000000  |  
    5  |  18:30:51  |   33,65817280  |   -0,00012195  |   -0,00000226  |   -0,00033369  |   -0,00044588  |   -0,00200434  |   -0,00221608  |    0,61957606  |    1,07402800  |    1,07431912  |   -0,00192194  |   16,00000000  |    0,00000000  |    0,00000000  |    0,00000000  |    0,00000000  |    0,00010000  |    0,00000000  |    0,00000000  |   20,36268236  |  1328,72041162  |  1329,00483327  |  1329,14968694  |    1,00000000  |  
    6  |  18:31:05  |   33,69040960  |    0,00030038  |   -0,00000376  |   -0,00012310  |   -0,00179376  |   -0,00179376  |   -0,00033484  |    0,62422106  |    1,07412384  |    1,07432576  |   -0,00158208  |   17,00000000  |    0,00000000  |    0,00000000  |    0,00000000  |    0,00000000  |    0,00020000  |    0,00000000  |    0,00000000  |   20,44032454  |  1328,72041162  |  1329,00483327  |  1329,14968694  |    1,00000000  |  
    7  |  18:31:19  |   33,47185280  |   -0,00158163  |   -0,00000272  |   -0,00115815  |    0,00051251  |   -0,00012272  |   -0,00221685  |    0,62433888  |    1,07288168  |    1,07308912  |    0,00008897  |   18,00000000  |    0,00000000  |    0,00000000  |    0,00000000  |    0,00000000  |    0,00010000  |    0,00000000  |    0,00000000  |   20,30520004  |  1328,72041162  |  1329,00483327  |  1329,14968694  |    1,00000000  |  
    8  |  18:31:34  |   33,55627520  |   -0,00027115  |   -0,00000223  |   -0,00075719  |    0,00008977  |   -0,00179263  |   -0,00200437  |    0,62422944  |    1,07347224  |    1,07371232  |   -0,00012198  |   19,00000000  |    0,00000000  |    0,00000000  |    0,00000000  |    0,00000000  |    0,00010000  |    0,00000000  |    0,00000000  |   20,28299482  |  1328,72041162  |  1329,00483327  |  1329,14968694  |    1,00000000  |  
    9  |  18:31:48  |   33,64200320  |   -0,00200506  |   -0,00000329  |   -0,00012266  |   -0,00054614  |   -0,00198603  |   -0,00179332  |    0,62438304  |    1,07407152  |    1,07426616  |   -0,00012264  |   20,00000000  |    0,00000000  |    0,00000000  |    0,00000000  |    0,00000000  |    0,00010000  |    0,00000000  |    0,00000000  |   20,40410179  |  1328,72041162  |  1329,00483327  |  1329,14968694  |    1,00000000  |  
   10  |  18:32:02  |   33,74308160  |    0,00008823  |    0,36027216  |   -0,00012354  |   -0,00221768  |   -0,00158245  |   -0,00221768  |    0,62436909  |    1,07373536  |    1,07526640  |   -0,00137066  |   12,00000000  |    0,00000000  |    0,00000000  |    0,00000000  |    0,00000000  |    0,00010000  |    0,39100000  |    5,19500000  |   20,38977029  |  1328,72041162  |  1329,00483327  |  1329,14968694  |    1,00000000  |  
   11  |  18:32:17  |   33,58263040  |   -0,00158187  |    0,30651430  |    0,00010161  |    0,00008881  |   -0,00033467  |   -0,00179358  |    0,61971520  |    1,07289552  |    1,07424808  |   -0,00221708  |   13,00000000  |    0,00000000  |    0,00000000  |    0,00000000  |    0,00000000  |    0,00010000  |    0,34200000  |    5,03900000  |   20,23417539  |  1328,72041162  |  1329,00483327  |  1329,14968694  |    1,00000000  |  
   12  |  18:32:31  |   33,72328960  |   -0,00012215  |    0,26951526  |   -0,00200469  |   -0,00136947  |    0,00030119  |   -0,00033404  |    0,61958010  |    1,07394912  |    1,07514760  |   -0,00033399  |   14,00000000  |    0,00000000  |    0,00000000  |    0,00000000  |    0,00000000  |    0,00010000  |    0,30500000  |    5,19500000  |   20,30425514  |  1328,72041162  |  1329,00483327  |  1329,14968694  |    1,00000000  |  
   13  |  18:32:46  |   33,79335040  |   -0,00054635  |    0,24294074  |   -0,00221705  |   -0,00137009  |    0,00008882  |   -0,00012292  |    0,61503597  |    1,07428120  |    1,07535336  |   -0,00012286  |   15,00000000  |    0,00000000  |    0,00000000  |    0,00000000  |    0,00000000  |    0,00010000  |    0,27600000  |    5,17500000  |   20,41559853  |  1328,72041162  |  1329,00483327  |  1329,14968694  |    1,00000000  |  
   14  |  18:33:00  |   33,64665920  |   -0,00200509  |    0,22307629  |   -0,00200522  |    0,00008892  |   -0,00012283  |   -0,00012283  |    0,61504141  |    1,07342696  |    1,07438552  |   -0,00012285  |   16,00000000  |    0,00000000  |    0,00000000  |    0,00000000  |    0,00000000  |    0,00020000  |    0,25600000  |    5,17500000  |   20,37260408  |  1328,72041162  |  1329,00483327  |  1329,14968694  |    1,00000000  |  
   15  |  18:33:15  |   33,55187840  |   -0,00179379  |    0,20786622  |   -0,00221729  |   -0,00033489  |   -0,00012315  |   -0,00033489  |    0,61962784  |    1,07286384  |    1,07381872  |   -0,00033481  |   17,00000000  |    0,00000000  |    0,00000000  |    0,00000000  |    0,00000000  |    0,00020000  |    0,24000000  |    5,03900000  |   20,24819121  |  1328,72041162  |  1329,00483327  |  1329,14968694  |    1,00000000  |  
   16  |  18:33:29  |   33,73406720  |    0,00035084  |    0,19581154  |   -0,00012252  |   -0,00096949  |   -0,00200492  |   -0,00242841  |    0,61963462  |    1,07389128  |    1,07477128  |   -0,00200477  |   18,00000000  |    0,00000000  |    0,00000000  |    0,00000000  |    0,00000000  |    0,00020000  |    0,22700000  |    5,19500000  |   20,32992519  |  1328,72041162  |  1329,00483327  |  1329,14968694  |    1,00000000  |  
   17  |  18:33:43  |   33,77363520  |    0,00094562  |    0,18622397  |   -0,00179301  |   -0,00221650  |   -0,00012236  |   -0,00012236  |    0,61968410  |    1,07419608  |    1,07501760  |   -0,00033417  |   19,00000000  |    0,00000000  |    0,00000000  |    0,00000000  |    0,00000000  |    0,00010000  |    0,21800000  |    5,03900000  |   20,39795971  |  1328,72041162  |  1329,00483327  |  1329,14968694  |    1,00000000  |  
   18  |  18:33:58  |   33,61959360  |   -0,00012249  |    0,17813024  |   -0,00012240  |   -0,00029418  |   -0,00200479  |   -0,00221653  |    0,61960090  |    1,07298792  |    1,07374288  |   -0,00221622  |   20,00000000  |    0,00000000  |    0,00000000  |    0,00000000  |    0,00000000  |    0,00020000  |    0,20900000  |    5,17500000  |   20,35181576  |  1328,72041162  |  1329,00483327  |  1329,14968694  |    1,00000000  |  
   19  |  18:34:12  |   34,31886720  |    0,00072439  |    0,75748576  |    0,00030067  |   -0,00033455  |   -0,00200521  |   -0,00200521  |    0,61975808  |    1,07412840  |    1,07996240  |   -0,00221678  |   12,00000000  |    0,00000000  |    0,00000000  |    0,00000000  |    0,00000000  |    0,00020000  |    0,80400000  |   10,07000000  |   20,18960863  |  1328,72041162  |  1329,00483327  |  1329,14968694  |    1,00000000  |  
   20  |  18:34:27  |   34,37298880  |    0,00072369  |    0,63413286  |   -0,00054689  |   -0,00200580  |   -0,00179406  |    0,00026058  |    0,62417914  |    1,07498256  |    1,07988896  |   -0,00033513  |   13,00000000  |    0,00000000  |    0,00000000  |    0,00000000  |    0,00000000  |    0,00020000  |    0,67900000  |   10,07000000  |   20,30645992  |  1328,72041162  |  1329,00483327  |  1329,14968694  |    1,00000000  |  
   21  |  18:34:41  |   34,33279360  |    0,00051305  |    0,55333658  |   -0,00179255  |   -0,00136907  |    0,00008984  |    0,00008984  |    0,62877498  |    1,07504592  |    1,07934472  |   -0,00012213  |   14,00000000  |    0,00000000  |    0,00000000  |    0,00000000  |    0,00000000  |    0,00020000  |    0,60000000  |   10,05000000  |   20,42772527  |  1328,72041162  |  1329,00483327  |  1329,14968694  |    1,00000000  |  
   22  |  18:34:56  |   34,11463040  |   -0,00221610  |    0,49659693  |   -0,00200412  |    0,00009000  |   -0,00033347  |   -0,00033347  |    0,62906490  |    1,07373216  |    1,07757744  |   -0,00033373  |   15,00000000  |    0,00000000  |    0,00000000  |    0,00000000  |    0,00000000  |    0,00020000  |    0,54200000  |   10,07000000  |   20,33338987  |  1328,72041162  |  1329,00483327  |  1329,14968694  |    1,00000000  |  
   23  |  18:35:10  |   34,14019840  |   -0,00264035  |    0,45459514  |   -0,00221710  |   -0,00012296  |   -0,00033470  |   -0,00054644  |    0,62883130  |    1,07431008  |    1,07789752  |   -0,00012261  |   16,00000000  |    0,00000000  |    0,00000000  |    0,00000000  |    0,00000000  |    0,00010000  |    0,49900000  |   10,09000000  |   20,28079006  |  1328,72041162  |  1329,00483327  |  1329,14968694  |    1,00000000  |  
   24  |  18:35:25  |   34,19714880  |   -0,00036489  |    0,42273242  |   -0,00012252  |   -0,00054600  |   -0,00200492  |   -0,00221666  |    0,62873645  |    1,07480800  |    1,07812920  |   -0,00200476  |   17,00000000  |    0,00000000  |    0,00000000  |    0,00000000  |    0,00000000  |    0,00010000  |    0,46700000  |   10,07000000  |   20,40567668  |  1328,72041162  |  1329,00483327  |  1329,14968694  |    1,00000000  |  
   25  |  18:35:39  |   34,03075840  |   -0,00115753  |    0,39741683  |   -0,00012221  |   -0,00096917  |   -0,00200461  |   -0,00200461  |    0,62903008  |    1,07384504  |    1,07694176  |   -0,00221618  |   18,00000000  |    0,00000000  |    0,00000000  |    0,00000000  |    0,00000000  |    0,00020000  |    0,44300000  |   10,07000000  |   20,38756545  |  1328,72041162  |  1329,00483327  |  1329,14968694  |    1,00000000  |  
   26  |  18:35:54  |   33,84293440  |   -0,00158145  |    0,37731565  |    0,00030079  |   -0,00054616  |   -0,00179334  |   -0,00200508  |    0,62902272  |    1,07290760  |    1,07593528  |   -0,00200491  |   19,00000000  |    0,00000000  |    0,00000000  |    0,00000000  |    0,00000000  |    0,00010000  |    0,42300000  |   10,07000000  |   20,12929491  |  1328,72041162  |  1329,00483327  |  1329,14968694  |    1,00000000  |  
   27  |  18:36:08  |   34,07858560  |    0,00029981  |    0,36124826  |    0,00006132  |   -0,00200622  |   -0,00158274  |   -0,00017928  |    0,63343373  |    1,07422208  |    1,07708648  |   -0,00017912  |   20,00000000  |    0,00000000  |    0,00000000  |    0,00000000  |    0,00000000  |    0,00010000  |    0,40600000  |   10,07000000  |   20,25102588  |  1328,72041162  |  1329,00483327  |  1329,14968694  |    1,00000000  |  
   28  |  18:36:22  |   35,64554240  |    0,00008913  |    1,17089544  |   -0,00012235  |   -0,00184644  |   -0,00158126  |   -0,00179300  |    0,63338317  |    1,07707504  |    1,09033736  |   -0,00158150  |   12,00000000  |    0,00000000  |    0,00000000  |    0,00000000  |    0,00000000  |    0,00010000  |    1,24200000  |   15,05000000  |   20,39339253  |  1328,72041162  |  1329,00483327  |  1329,14968694  |    1,00000000  |  
   29  |  18:36:37  |   35,24152320  |   -0,00158198  |    0,97719840  |    0,00030036  |   -0,00033485  |   -0,00179376  |   -0,00200550  |    0,63337952  |    1,07584120  |    1,08700392  |   -0,00221726  |   13,00000000  |    0,00000000  |    0,00000000  |    0,00000000  |    0,00000000  |    0,00020000  |    1,04700000  |   15,05000000  |   20,34661871  |  1328,72041162  |  1329,00483327  |  1329,14968694  |    1,00000000  |  
   30  |  18:36:51  |   35,02059840  |    0,00030048  |    0,84944160  |    0,00035673  |   -0,00158210  |    0,00012687  |   -0,00033492  |    0,62886624  |    1,07557944  |    1,08538208  |   -0,00033472  |   14,00000000  |    0,00000000  |    0,00000000  |    0,00000000  |    0,00000000  |    0,00010000  |    0,92000000  |   15,01000000  |   20,26850640  |  1328,72041162  |  1329,00483327  |  1329,14968694  |    1,00000000  |  
   31  |  18:37:06  |   35,03117760  |   -0,00012380  |    0,76022150  |   -0,00012379  |   -0,00035787  |   -0,00158270  |   -0,00200617  |    0,62886477  |    1,07607304  |    1,08485640  |   -0,00221809  |   15,00000000  |    0,00000000  |    0,00000000  |    0,00000000  |    0,00000000  |    0,00020000  |    0,83000000  |   15,07000000  |   20,37134418  |  1328,72041162  |  1329,00483327  |  1329,14968694  |    1,00000000  |  
   32  |  18:37:20  |   34,99018560  |    0,00080395  |    0,69521395  |   -0,00179271  |   -0,00136923  |   -0,00012206  |    0,00008968  |    0,62880288  |    1,07605336  |    1,08407536  |   -0,00033379  |   16,00000000  |    0,00000000  |    0,00000000  |    0,00000000  |    0,00000000  |    0,00010000  |    0,76600000  |   15,07000000  |   20,46442078  |  1328,72041162  |  1329,00483327  |  1329,14968694  |    1,00000000  |  
   33  |  18:37:35  |   34,66192320  |   -0,00012337  |    0,64552730  |   -0,00177615  |   -0,00137054  |    0,00029573  |   -0,00033511  |    0,62895520  |    1,07445344  |    1,08196248  |   -0,00033493  |   17,00000000  |    0,00000000  |    0,00000000  |    0,00000000  |    0,00000000  |    0,00010000  |    0,71600000  |   15,07000000  |   20,28945164  |  1328,72041162  |  1329,00483327  |  1329,14968694  |    1,00000000  |  
   34  |  18:37:49  |   34,78559360  |   -0,00200487  |    0,60724320  |   -0,00221673  |    0,00030087  |   -0,00012260  |   -0,00200499  |    0,62417741  |    1,07543824  |    1,08251288  |   -0,00054599  |   18,00000000  |    0,00000000  |    0,00000000  |    0,00000000  |    0,00000000  |    0,00020000  |    0,67900000  |   15,07000000  |   20,33905936  |  1328,72041162  |  1329,00483327  |  1329,14968694  |    1,00000000  |  
   35  |  18:38:04  |   34,80794240  |    0,00012788  |    0,57659072  |   -0,00179252  |   -0,00179252  |   -0,00012187  |   -0,00054535  |    0,62422861  |    1,07565144  |    1,08232152  |   -0,00033401  |   19,00000000  |    0,00000000  |    0,00000000  |    0,00000000  |    0,00000000  |    0,00010000  |    0,64900000  |   15,07000000  |   20,44599423  |  1328,72041162  |  1329,00483327  |  1329,14968694  |    1,00000000  |  
   36  |  18:38:18  |   34,51644800  |   -0,00054710  |    0,55086490  |    0,00010410  |   -0,00200583  |   -0,00179409  |   -0,00057738  |    0,62450976  |    1,07414368  |    1,08058536  |   -0,00134816  |   20,00000000  |    0,00000000  |    0,00000000  |    0,00000000  |    0,00000000  |    0,00020000  |    0,62300000  |   15,09000000  |   20,28189244  |  1328,72041162  |  1329,00483327  |  1329,14968694  |    1,00000000  |  
   37  |  18:38:32  |   37,26487360  |    0,00072314  |    1,58455936  |   -0,00012391  |   -0,00221804  |   -0,00200630  |   -0,00221804  |    0,62426701  |    1,07955776  |    1,10346224  |   -0,00221801  |   12,00000000  |    0,00000000  |    0,00000000  |    0,00000000  |    0,00000000  |    0,00010000  |    1,68300000  |   20,09000000  |   20,37102920  |  1328,72041162  |  1329,00483327  |  1329,14968694  |    1,00000000  |  
   38  |  18:38:47  |   36,82974720  |   -0,00115860  |    1,32626160  |   -0,00179367  |   -0,00004810  |   -0,00075824  |    0,00030046  |    0,62435802  |    1,07930648  |    1,09947256  |   -0,00012323  |   13,00000000  |    0,00000000  |    0,00000000  |    0,00000000  |    0,00000000  |    0,00020000  |    1,42100000  |   20,09000000  |   20,51009389  |  1328,72041162  |  1329,00483327  |  1329,14968694  |    1,00000000  |  
   39  |  18:39:01  |   36,23699520  |   -0,00242816  |    1,15596792  |   -0,00221655  |   -0,00033416  |   -0,00075764  |   -0,00054590  |    0,62413914  |    1,07724168  |    1,09489848  |   -0,00012243  |   14,00000000  |    0,00000000  |    0,00000000  |    0,00000000  |    0,00000000  |    0,00010000  |    1,25000000  |   20,05000000  |   20,35701283  |  1328,72041162  |  1329,00483327  |  1329,14968694  |    1,00000000  |  
   40  |  18:39:16  |   35,95939520  |   -0,00200499  |    1,03597760  |   -0,00179293  |    0,00025949  |   -0,00012228  |   -0,00033402  |    0,62418336  |    1,07682800  |    1,09277760  |   -0,00012243  |   15,00000000  |    0,00000000  |    0,00000000  |    0,00000000  |    0,00000000  |    0,00010000  |    1,13100000  |   20,05000000  |   20,23401791  |  1328,72041162  |  1329,00483327  |  1329,14968694  |    1,00000000  |  
   41  |  18:39:30  |   35,96691520  |   -0,00306378  |    0,94785600  |   -0,00012280  |   -0,00075802  |   -0,00221694  |   -0,00242868  |    0,62882400  |    1,07756960  |    1,09217128  |   -0,00200518  |   16,00000000  |    0,00000000  |    0,00000000  |    0,00000000  |    0,00000000  |    0,00020000  |    1,04400000  |   20,07000000  |   20,35843021  |  1328,72041162  |  1329,00483327  |  1329,14968694  |    1,00000000  |  
   42  |  18:39:45  |   35,85701760  |   -0,00031043  |    0,88109958  |    0,00008942  |   -0,00075754  |   -0,00221646  |   -0,00200472  |    0,62895597  |    1,07754072  |    1,09113184  |   -0,00200436  |   17,00000000  |    0,00000000  |    0,00000000  |    0,00000000  |    0,00000000  |    0,00010000  |    0,97800000  |   20,05000000  |   20,45355382  |  1328,72041162  |  1329,00483327  |  1329,14968694  |    1,00000000  |  
   43  |  18:39:59  |   35,55956800  |    0,00051239  |    0,82828019  |    0,00008895  |   -0,00074858  |   -0,00158171  |   -0,00200519  |    0,64714509  |    1,07603360  |    1,08880376  |   -0,00200537  |   18,00000000  |    0,00000000  |    0,00000000  |    0,00000000  |    0,00000000  |    0,00010000  |    0,92500000  |   20,07000000  |   20,35354812  |  1328,72041162  |  1329,00483327  |  1329,14968694  |    1,00000000  |  
   44  |  18:40:14  |   35,58935040  |    0,00030003  |    0,78681914  |   -0,00001017  |   -0,00200599  |   -0,00158251  |   -0,00012360  |    0,64262707  |    1,07668056  |    1,08887752  |   -0,00033533  |   19,00000000  |    0,00000000  |    0,00000000  |    0,00000000  |    0,00000000  |    0,00020000  |    0,88300000  |   20,07000000  |   20,32457068  |  1328,72041162  |  1329,00483327  |  1329,14968694  |    1,00000000  |  
   45  |  18:40:28  |   35,57854720  |   -0,00012299  |    0,75339290  |   -0,00012318  |   -0,00012318  |   -0,00179383  |   -0,00179383  |    0,64270944  |    1,07710360  |    1,08877184  |   -0,00200539  |   20,00000000  |    0,00000000  |    0,00000000  |    0,00000000  |    0,00000000  |    0,00020000  |    0,84800000  |   20,07000000  |   20,45386881  |  1328,72041162  |  1329,00483327  |  1329,14968694  |    1,00000000  |  
   46  |  18:40:43  |   39,23151360  |   -0,00137005  |    1,98854544  |    0,00030052  |    0,00008878  |   -0,00021078  |   -0,00200536  |    0,64257306  |    1,08258632  |    1,12001264  |   -0,00200527  |   12,00000000  |    0,00000000  |    0,00000000  |    0,00000000  |    0,00000000  |    0,00020000  |    2,11200000  |   25,07000000  |   20,47339785  |  1328,72041162  |  1329,00483327  |  1329,14968694  |    1,00000000  |  
   47  |  18:40:57  |   38,34750080  |    0,00008973  |    1,68437168  |   -0,00033368  |   -0,00179260  |   -0,00179260  |   -0,00038326  |    0,63819782  |    1,08082464  |    1,11287024  |   -0,00158074  |   12,99900000  |    0,00000000  |    0,00000000  |    0,00000000  |    0,00000000  |    0,00020000  |    1,80500000  |   25,07000000  |   20,29275880  |  1328,72041162  |  1329,00483327  |  1329,14968694  |    1,00000000  |  
   48  |  18:41:12  |   37,99652160  |    0,00030045  |    1,47608784  |    0,00008865  |   -0,00179374  |   -0,00137026  |   -0,00158200  |    0,63811450  |    1,08118376  |    1,10939968  |   -0,00200551  |   14,00000000  |    0,00000000  |    0,00000000  |    0,00000000  |    0,00000000  |    0,00010000  |    1,59900000  |   25,07000000  |   20,38520312  |  1328,72041162  |  1329,00483327  |  1329,14968694  |    1,00000000  |  
   49  |  18:41:26  |   37,64476800  |   -0,00137019  |    1,32844904  |    0,00038685  |    0,00030056  |   -0,00054640  |   -0,00046201  |    0,63798963  |    1,08083240  |    1,10629944  |    0,00001453  |   15,00000000  |    0,00000000  |    0,00000000  |    0,00000000  |    0,00000000  |    0,00010000  |    1,45100000  |   25,11000000  |   20,52395345  |  1328,72041162  |  1329,00483327  |  1329,14968694  |    1,00000000  |  
   50  |  18:41:40  |   37,15220160  |   -0,00139303  |    1,21838752  |   -0,00179328  |   -0,00115806  |   -0,00012263  |   -0,00054611  |    0,63815072  |    1,07902280  |    1,10240952  |   -0,00012245  |   16,00000000  |    0,00000000  |    0,00000000  |    0,00000000  |    0,00000000  |    0,00010000  |    1,34100000  |   25,05000000  |   20,41843335  |  1328,72041162  |  1329,00483327  |  1329,14968694  |    1,00000000  |  
   51  |  18:41:55  |   36,88700800  |   -0,00158188  |    1,13401616  |   -0,00033464  |   -0,00033464  |   -0,00179354  |   -0,00221702  |    0,65178970  |    1,07854784  |    1,10043832  |   -0,00221697  |   17,00000000  |    0,00000000  |    0,00000000  |    0,00000000  |    0,00000000  |    0,00010000  |    1,25600000  |   25,09000000  |   20,27165605  |  1328,72041162  |  1329,00483327  |  1329,14968694  |    1,00000000  |  
   52  |  18:42:09  |   36,89585600  |    0,00068016  |    1,06896600  |   -0,00012232  |   -0,00075754  |   -0,00200471  |   -0,00200471  |    0,66107840  |    1,07933232  |    1,09996368  |   -0,00200463  |   18,00000000  |    0,00000000  |    0,00000000  |    0,00000000  |    0,00000000  |    0,00010000  |    1,18900000  |   25,07000000  |   20,39417997  |  1328,72041162  |  1329,00483327  |  1329,14968694  |    1,00000000  |  
   53  |  18:42:24  |   36,76912000  |    0,00072855  |    1,01629272  |   -0,00200508  |   -0,00179334  |   -0,00012269  |   -0,00033443  |    0,66556730  |    1,07922384  |    1,09881904  |   -0,00012273  |   19,00000000  |    0,00000000  |    0,00000000  |    0,00000000  |    0,00000000  |    0,00020000  |    1,13800000  |   25,07000000  |   20,47670520  |  1328,72041162  |  1329,00483327  |  1329,14968694  |    1,00000000  |  
   54  |  18:42:38  |   36,40688000  |   -0,00179310  |    0,97185299  |   -0,00179323  |   -0,00094626  |    0,00008916  |   -0,00054605  |    0,66100800  |    1,07764552  |    1,09644448  |   -0,00033423  |   20,00000000  |    0,00000000  |    0,00000000  |    0,00000000  |    0,00000000  |    0,00010000  |    1,09400000  |   25,07000000  |   20,36032006  |  1328,72041162  |  1329,00483327  |  1329,14968694  |    1,00000000  |  
   55  |  18:42:53  |   41,72544000  |   -0,00033420  |    2,39938832  |   -0,00033431  |    0,00030964  |   -0,00158148  |   -0,00242843  |    0,66083501  |    1,08684480  |    1,14110448  |   -0,00200492  |   12,00000000  |    0,00000000  |    0,00000000  |    0,00000000  |    0,00000000  |    0,00020000  |    2,55100000  |   30,11000000  |   20,32677548  |  1328,72041162  |  1329,00483327  |  1329,14968694  |    1,00000000  |  
   56  |  18:43:07  |   40,86786560  |   -0,00073497  |    2,06219024  |    0,00008870  |   -0,00033478  |   -0,00011358  |   -0,00179369  |    0,66091418  |    1,08636472  |    1,13337632  |   -0,00200518  |   13,00000000  |    0,00000000  |    0,00000000  |    0,00000000  |    0,00000000  |    0,00010000  |    2,21300000  |   30,07000000  |   20,50820396  |  1328,72041162  |  1329,00483327  |  1329,14968694  |    1,00000000  |  
   57  |  18:43:22  |   40,10110080  |    0,00051321  |    1,82554736  |   -0,00200461  |   -0,00115765  |   -0,00033395  |   -0,00054569  |    0,66571264  |    1,08492936  |    1,12669352  |   -0,00012241  |   14,00000000  |    0,00000000  |    0,00000000  |    0,00000000  |    0,00000000  |    0,00020000  |    1,97600000  |   30,07000000  |   20,57419486  |  1328,72041162  |  1329,00483327  |  1329,14968694  |    1,00000000  |  
   58  |  18:43:36  |   39,31834880  |   -0,00200464  |    1,65134000  |   -0,00179271  |   -0,00094575  |   -0,00012206  |   -0,00033380  |    0,66569677  |    1,08279720  |    1,12073576  |   -0,00033396  |   15,00000000  |    0,00000000  |    0,00000000  |    0,00000000  |    0,00000000  |    0,00010000  |    1,80200000  |   30,03000000  |   20,43418239  |  1328,72041162  |  1329,00483327  |  1329,14968694  |    1,00000000  |  
   59  |  18:43:50  |   39,00125440  |   -0,00179327  |    1,52110848  |   -0,00200518  |   -0,00073474  |   -0,00033453  |   -0,00054627  |    0,67460390  |    1,08278712  |    1,11788032  |   -0,00033468  |   16,00000000  |    0,00000000  |    0,00000000  |    0,00000000  |    0,00000000  |    0,00010000  |    1,66900000  |   30,07000000  |   20,39937711  |  1328,72041162  |  1329,00483327  |  1329,14968694  |    1,00000000  |  
   60  |  18:44:05  |   38,78509120  |   -0,00242874  |    1,42088864  |   -0,00012264  |   -0,00054612  |    0,00010183  |   -0,00221677  |    0,67920166  |    1,08292880  |    1,11574616  |   -0,00200528  |   17,00000000  |    0,00000000  |    0,00000000  |    0,00000000  |    0,00000000  |    0,00020000  |    1,57000000  |   30,05000000  |   20,53718309  |  1328,72041162  |  1329,00483327  |  1329,14968694  |    1,00000000  |  
   61  |  18:44:19  |   38,40406400  |   -0,00094613  |    1,33995176  |    0,00008909  |   -0,00075787  |   -0,00179330  |   -0,00221678  |    0,68386650  |    1,08173248  |    1,11271784  |   -0,00179310  |   18,00000000  |    0,00000000  |    0,00000000  |    0,00000000  |    0,00000000  |    0,00020000  |    1,48800000  |   30,09000000  |   20,51560621  |  1328,72041162  |  1329,00483327  |  1329,14968694  |    1,00000000  |  
   62  |  18:44:34  |   38,02150720  |    0,00092914  |    1,27393864  |    0,00008896  |   -0,00054626  |   -0,00200517  |   -0,00221691  |    0,68402918  |    1,08042256  |    1,10996760  |   -0,00221676  |   19,00000000  |    0,00000000  |    0,00000000  |    0,00000000  |    0,00000000  |    0,00010000  |    1,42100000  |   30,09000000  |   20,34126417  |  1328,72041162  |  1329,00483327  |  1329,14968694  |    1,00000000  |  
   63  |  18:44:49  |   38,08470080  |    0,00030170  |    1,22296272  |    0,00009001  |   -0,00200412  |   -0,00136890  |   -0,00029264  |    0,68384672  |    1,08143280  |    1,10980000  |   -0,00011953  |   20,00000000  |    0,00000000  |    0,00000000  |    0,00000000  |    0,00000000  |    0,00020000  |    1,37000000  |   30,05000000  |   20,43733221  |  1328,72041162  |  1329,00483327  |  1329,14968694  |    1,00000000  |  
   64  |  18:45:03  |   45,24731520  |   -0,00137014  |    2,88950336  |   -0,00179371  |   -0,00115849  |    0,00008868  |    0,00008868  |    0,70232346  |    1,09353912  |    1,16968272  |   -0,00033456  |   12,00000000  |    0,00000000  |    0,00000000  |    0,00000000  |    0,00000000  |    0,00020000  |    3,06600000  |   35,11000000  |   20,62349208  |  1328,72041162  |  1329,00483327  |  1329,14968694  |    1,00000000  |  
   65  |  18:45:17  |   43,72504960  |   -0,00264092  |    2,51722240  |   -0,00012361  |   -0,00033535  |   -0,00200599  |   -0,00221773  |    0,70672755  |    1,09051768  |    1,15740312  |   -0,00200579  |   13,00000000  |    0,00000000  |    0,00000000  |    0,00000000  |    0,00000000  |    0,00020000  |    2,69600000  |   35,09000000  |   20,55261773  |  1328,72041162  |  1329,00483327  |  1329,14968694  |    1,00000000  |  
   66  |  18:45:32  |   42,78160000  |    0,00051261  |    2,24768096  |   -0,00012280  |   -0,00007431  |   -0,00158171  |   -0,00221693  |    0,71148000  |    1,08946120  |    1,14954960  |   -0,00221689  |   14,00000000  |    0,00000000  |    0,00000000  |    0,00000000  |    0,00000000  |    0,00020000  |    2,42500000  |   35,09000000  |   20,48631229  |  1328,72041162  |  1329,00483327  |  1329,14968694  |    1,00000000  |  
   67  |  18:45:46  |   42,14316800  |    0,00129207  |    2,04729648  |    0,00040970  |   -0,00158189  |   -0,00094667  |   -0,00033472  |    0,70677523  |    1,08894040  |    1,14382640  |   -0,00033486  |   15,00000000  |    0,00000000  |    0,00000000  |    0,00000000  |    0,00000000  |    0,00020000  |    2,22500000  |   35,07000000  |   20,59813463  |  1328,72041162  |  1329,00483327  |  1329,14968694  |    1,00000000  |  
   68  |  18:46:01  |   41,42726400  |    0,00008857  |    1,89130000  |   -0,00158214  |   -0,00137040  |    0,00052426  |   -0,00033497  |    0,74343866  |    1,08709296  |    1,13788368  |   -0,00033491  |   16,00000000  |    0,00000000  |    0,00000000  |    0,00000000  |    0,00000000  |    0,00010000  |    2,06800000  |   35,09000000  |   20,59498465  |  1328,72041162  |  1329,00483327  |  1329,14968694  |    1,00000000  |  
   69  |  18:46:15  |   40,78640320  |   -0,00137064  |    1,76758736  |   -0,00179431  |   -0,00073561  |   -0,00012366  |    0,00008808  |    0,72048691  |    1,08529328  |    1,13288096  |   -0,00033530  |   17,00000000  |    0,00000000  |    0,00000000  |    0,00000000  |    0,00000000  |    0,00020000  |    1,94600000  |   35,09000000  |   20,41748841  |  1328,72041162  |  1329,00483327  |  1329,14968694  |    1,00000000  |  
   70  |  18:46:30  |   40,56366720  |   -0,00242813  |    1,67320624  |   -0,00012196  |   -0,00012196  |   -0,00033370  |   -0,00200434  |    0,74345990  |    1,08571800  |    1,13086096  |    0,00012475  |   18,00000000  |    0,00000000  |    0,00000000  |    0,00000000  |    0,00000000  |    0,00020000  |    1,84800000  |   35,05000000  |   20,44835660  |  1328,72041162  |  1329,00483327  |  1329,14968694  |    1,00000000  |  
   71  |  18:46:44  |   40,37229120  |   -0,00179345  |    1,59624992  |   -0,00200529  |   -0,00179355  |   -0,00012290  |   -0,00054638  |    0,74805568  |    1,08584440  |    1,12894128  |   -0,00033467  |   19,00000000  |    0,00000000  |    0,00000000  |    0,00000000  |    0,00000000  |    0,00010000  |    1,77200000  |   35,05000000  |   20,57135990  |  1328,72041162  |  1329,00483327  |  1329,14968694  |    1,00000000  |  
   72  |  18:46:59  |   39,98181440  |   -0,00012297  |    1,52877248  |   -0,00012299  |   -0,00045646  |   -0,00158189  |   -0,00285233  |    0,77572691  |    1,08431544  |    1,12559720  |   -0,00221673  |   20,00000000  |    0,00000000  |    0,00000000  |    0,00000000  |    0,00000000  |    0,00010000  |    1,70600000  |   35,07000000  |   20,51796863  |  1328,72041162  |  1329,00483327  |  1329,14968694  |    1,00000000  |  
   73  |  18:47:13  |   51,22890240  |    0,00072468  |    3,91174976  |    0,00008945  |   -0,00008912  |   -0,00179294  |   -0,00200468  |    0,77592000  |    1,10264112  |    1,22041464  |   -0,00200477  |   12,00000000  |    0,00000000  |    0,00000000  |    0,00000000  |    0,00000000  |    0,00020000  |    4,11800000  |   40,11000000  |   20,53371818  |  1328,72041162  |  1329,00483327  |  1329,14968694  |    1,00000000  |  
   74  |  18:47:28  |   49,26997760  |    0,00030102  |    3,34271296  |    0,00008948  |   -0,00158117  |   -0,00179291  |   -0,00200465  |    0,77559974  |    1,10116216  |    1,20265904  |   -0,00200484  |   13,00000000  |    0,00000000  |    0,00000000  |    0,00000000  |    0,00000000  |    0,00010000  |    3,55400000  |   40,05000000  |   20,70807089  |  1328,72041162  |  1329,00483327  |  1329,14968694  |    1,00000000  |  
   75  |  18:47:42  |   47,53318400  |    0,00030114  |    2,95447136  |    0,00008940  |    0,00039078  |   -0,00158125  |   -0,00200473  |    0,78012570  |    1,09810256  |    1,18821624  |   -0,00179315  |   14,00000000  |    0,00000000  |    0,00000000  |    0,00000000  |    0,00000000  |    0,00020000  |    3,16300000  |   40,09000000  |   20,81596336  |  1328,72041162  |  1329,00483327  |  1329,14968694  |    1,00000000  |  
   76  |  18:47:57  |   46,09727040  |    0,00220755  |    2,67055376  |    0,00008995  |   -0,00136896  |   -0,00115722  |   -0,00221591  |    0,79352038  |    1,09504952  |    1,17677680  |   -0,00200396  |   15,00000000  |    0,00000000  |    0,00000000  |    0,00000000  |    0,00000000  |    0,00020000  |    2,87900000  |   40,09000000  |   20,64601470  |  1328,72041162  |  1329,00483327  |  1329,14968694  |    1,00000000  |  
   77  |  18:48:11  |   45,13326400  |    0,00011314  |    2,46140192  |    0,00051326  |    0,00008978  |   -0,00158086  |   -0,00179260  |    0,85854003  |    1,09356592  |    1,16913584  |   -0,00200424  |   16,00000000  |    0,00000000  |    0,00000000  |    0,00000000  |    0,00000000  |    0,00020000  |    2,66900000  |   40,05000000  |   20,55813012  |  1328,72041162  |  1329,00483327  |  1329,14968694  |    1,00000000  |  
   78  |  18:48:26  |   44,65043520  |    0,00220673  |    2,30588416  |   -0,00158131  |   -0,00073436  |    0,00051281  |   -0,00033414  |    0,85814912  |    1,09346080  |    1,16434216  |   -0,00033432  |   17,00000000  |    0,00000000  |    0,00000000  |    0,00000000  |    0,00000000  |    0,00020000  |    2,51000000  |   40,09000000  |   20,67546761  |  1328,72041162  |  1329,00483327  |  1329,14968694  |    1,00000000  |  
   79  |  18:48:40  |   43,98399680  |    0,00093543  |    2,17388608  |   -0,00158207  |   -0,00052337  |    0,00072380  |   -0,00033490  |    0,85839622  |    1,09194120  |    1,15883728  |   -0,00033500  |   18,00000000  |    0,00000000  |    0,00000000  |    0,00000000  |    0,00000000  |    0,00020000  |    2,38000000  |   40,09000000  |   20,70397577  |  1328,72041162  |  1329,00483327  |  1329,14968694  |    1,00000000  |  
   80  |  18:48:54  |   43,32896320  |    0,00072401  |    2,06280800  |    0,00008874  |    0,00008874  |   -0,00158191  |   -0,00221713  |    0,86284256  |    1,08981024  |    1,15335096  |   -0,00200532  |   19,00000000  |    0,00000000  |    0,00000000  |    0,00000000  |    0,00000000  |    0,00020000  |    2,27100000  |   40,05000000  |   20,53308819  |  1328,72041162  |  1329,00483327  |  1329,14968694  |    1,00000000  |  
   81  |  18:49:09  |   43,12513600  |   -0,00052212  |    1,98201824  |   -0,00158093  |   -0,00012202  |   -0,00012202  |   -0,00012202  |    0,86731264  |    1,09040264  |    1,15154544  |   -0,00033359  |   20,00000000  |    0,00000000  |    0,00000000  |    0,00000000  |    0,00000000  |    0,00010000  |    2,18400000  |   40,09000000  |   20,54805033  |  1328,72041162  |  1329,00483327  |  1329,14968694  |    1,00000000  |  
   82  |  18:49:24  |   55,62320640  |   -0,00075756  |    4,68964800  |   -0,00179293  |   -0,00115772  |    0,00008945  |   -0,00054576  |    0,89483462  |    1,11133424  |    1,25489200  |   -0,00033391  |   12,00000000  |    0,00000000  |    0,00000000  |    0,00000000  |    0,00000000  |    0,00010000  |    4,90300000  |   40,77000000  |   20,82084617  |  1328,72041162  |  1329,00483327  |  1329,14968694  |    1,00000000  |  
   83  |  18:49:38  |   55,62807680  |   -0,00012245  |    4,57946976  |    0,00008896  |   -0,00012277  |   -0,00200515  |   -0,00221689  |    0,89495360  |    1,11109600  |    1,25508224  |   -0,00200490  |   13,00000000  |    0,00000000  |    0,00000000  |    0,00000000  |    0,00000000  |    0,00010000  |    4,80500000  |   41,69000000  |   20,81675091  |  1328,72041162  |  1329,00483327  |  1329,14968694  |    1,00000000  |  
   84  |  18:49:53  |   55,70657280  |    0,00099420  |    4,50355136  |    0,00008876  |   -0,00033472  |   -0,00179363  |   -0,00179363  |    0,89933786  |    1,11173272  |    1,25599552  |   -0,00200562  |   14,00000000  |    0,00000000  |    0,00000000  |    0,00000000  |    0,00000000  |    0,00020000  |    4,73000000  |   42,37000000  |   20,76414301  |  1328,72041162  |  1329,00483327  |  1329,14968694  |    1,00000000  |  
   85  |  18:50:08  |   55,90680320  |    0,00053613  |    4,44437536  |   -0,00158114  |   -0,00136940  |    0,00051298  |   -0,00012223  |    0,92294688  |    1,11302904  |    1,25719664  |   -0,00012237  |   15,00000000  |    0,00000000  |    0,00000000  |    0,00000000  |    0,00000000  |    0,00020000  |    4,67500000  |   42,86000000  |   20,96749160  |  1328,72041162  |  1329,00483327  |  1329,14968694  |    1,00000000  |  
   86  |  18:50:23  |   55,77523840  |    0,00114788  |    4,39213312  |   -0,00200483  |   -0,00115787  |    0,00051278  |   -0,00033418  |    0,92768294  |    1,11211824  |    1,25618968  |   -0,00033432  |   15,99900000  |    0,00000000  |    0,00000000  |    0,00000000  |    0,00000000  |    0,00010000  |    4,62500000  |   43,32000000  |   20,94811700  |  1328,72041162  |  1329,00483327  |  1329,14968694  |    1,00000000  |  
   87  |  18:50:38  |   55,65953920  |    0,00199567  |    4,34608128  |   -0,00054502  |   -0,00179218  |   -0,00073349  |    0,00008278  |    0,93199136  |    1,11169112  |    1,25571776  |   -0,00025815  |   17,00000000  |    0,00000000  |    0,00000000  |    0,00000000  |    0,00000000  |    0,00010000  |    4,57800000  |   43,75000000  |   20,82100368  |  1328,72041162  |  1329,00483327  |  1329,14968694  |    1,00000000  |  
   88  |  18:50:52  |   55,92940160  |    0,00241813  |    4,32110112  |    0,00008873  |   -0,00003832  |   -0,00137017  |   -0,00200538  |    0,93192960  |    1,11326112  |    1,25731016  |   -0,00027112  |   18,00000000  |    0,00000000  |    0,00000000  |    0,00000000  |    0,00000000  |    0,00010000  |    4,55600000  |   43,98000000  |   20,99978286  |  1328,72041162  |  1329,00483327  |  1329,14968694  |    1,00000000  |  
   89  |  18:51:07  |   55,84534400  |    0,00220711  |    4,28964512  |    0,00030152  |    0,00003402  |   -0,00136912  |   -0,00200433  |    0,94602016  |    1,11256496  |    1,25651208  |   -0,00040217  |   19,00000000  |    0,00000000  |    0,00000000  |    0,00000000  |    0,00000000  |    0,00020000  |    4,53000000  |   44,33000000  |   21,00072798  |  1328,72041162  |  1329,00483327  |  1329,14968694  |    1,00000000  |  
   90  |  18:51:22  |   55,57018240  |    0,00241845  |    4,25603904  |    0,00030124  |   -0,00158114  |   -0,00136940  |   -0,00221636  |    0,97355386  |    1,11098360  |    1,25492488  |   -0,00221641  |   20,00000000  |    0,00000000  |    0,00000000  |    0,00000000  |    0,00000000  |    0,00020000  |    4,50000000  |   44,61000000  |   20,76855322  |  1328,72041162  |  1329,00483327  |  1329,14968694  |    1,00000000  |  
   91  |  18:51:37  |   55,99233280  |    0,00220637  |    4,66354688  |    0,00044840  |   -0,00115821  |   -0,00136995  |   -0,00012279  |    0,98733254  |    1,11304464  |    1,25766600  |   -0,00033452  |   12,00000000  |    0,00000000  |    0,00000000  |    0,00000000  |    0,00000000  |    0,00020000  |    4,87800000  |   40,99000000  |   20,87219492  |  1328,72041162  |  1329,00483327  |  1329,14968694  |    1,00000000  |  
   92  |  18:51:52  |   56,07303680  |    0,00220647  |    4,56044992  |   -0,00179318  |   -0,00073449  |    0,00051267  |   -0,00012254  |    0,99193670  |    1,11326888  |    1,25767816  |   -0,00054597  |   13,00000000  |    0,00000000  |    0,00000000  |    0,00000000  |    0,00000000  |    0,00020000  |    4,78400000  |   41,79000000  |   21,04877171  |  1328,72041162  |  1329,00483327  |  1329,14968694  |    1,00000000  |  
   93  |  18:52:06  |   55,79831040  |    0,00221473  |    4,47984544  |   -0,00179290  |   -0,00073421  |    0,00072468  |   -0,00033400  |    1,00560952  |    1,11169640  |    1,25615320  |   -0,00033409  |   14,00000000  |    0,00000000  |    0,00000000  |    0,00000000  |    0,00000000  |    0,00010000  |    4,71000000  |   42,60000000  |   20,90070486  |  1328,72041162  |  1329,00483327  |  1329,14968694  |    1,00000000  |  
   94  |  18:52:21  |   55,76522240  |    0,00130190  |    4,41846176  |   -0,00158222  |   -0,00094701  |    0,00051189  |   -0,00033506  |    1,04346728  |    1,11171248  |    1,25624704  |   -0,00033512  |   15,00000000  |    0,00000000  |    0,00000000  |    0,00000000  |    0,00000000  |    0,00020000  |    4,65100000  |   43,09000000  |   20,70303074  |  1328,72041162  |  1329,00483327  |  1329,14968694  |    1,00000000  |  
   95  |  18:52:36  |   56,05721600  |    0,00199453  |    4,38153376  |   -0,00200513  |   -0,00115818  |    0,00030072  |   -0,00054623  |    1,04794608  |    1,11340312  |    1,25788328  |   -0,00033440  |   16,00000000  |    0,00000000  |    0,00000000  |    0,00000000  |    0,00000000  |    0,00010000  |    4,61100000  |   43,36000000  |   20,91251845  |  1328,72041162  |  1329,00483327  |  1329,14968694  |    1,00000000  |  
   96  |  18:52:51  |   56,01344640  |    0,00011246  |    4,34036640  |   -0,00179331  |   -0,00094636  |    0,00030081  |   -0,00033441  |    1,04784680  |    1,11283544  |    1,25720992  |   -0,00033428  |   17,00000000  |    0,00000000  |    0,00000000  |    0,00000000  |    0,00000000  |    0,00020000  |    4,57500000  |   43,87000000  |   21,00309077  |  1328,72041162  |  1329,00483327  |  1329,14968694  |    1,00000000  |  
   97  |  18:53:06  |   55,76476800  |    0,00032461  |    4,30131488  |   -0,00179290  |   -0,00136942  |    0,00051296  |   -0,00054574  |    1,04304264  |    1,11136032  |    1,25575184  |   -0,00033377  |   18,00000000  |    0,00000000  |    0,00000000  |    0,00000000  |    0,00000000  |    0,00020000  |    4,54100000  |   44,22000000  |   20,77611359  |  1328,72041162  |  1329,00483327  |  1329,14968694  |    1,00000000  |  
   98  |  18:53:20  |   56,01121920  |    0,00178338  |    4,28118144  |   -0,00016236  |   -0,00179308  |    0,00085560  |    0,00001434  |    1,04350504  |    1,11294344  |    1,25738560  |   -0,00033407  |   19,00000000  |    0,00000000  |    0,00000000  |    0,00000000  |    0,00000000  |    0,00010000  |    4,51700000  |   44,39000000  |   20,82572899  |  1328,72041162  |  1329,00483327  |  1329,14968694  |    1,00000000  |  
   99  |  18:53:35  |   56,17358080  |    0,00220641  |    4,26017856  |    0,00008886  |   -0,00054635  |   -0,00158177  |   -0,00221699  |    1,04325048  |    1,11379632  |    1,25810144  |   -0,00221662  |   20,00000000  |    0,00000000  |    0,00000000  |    0,00000000  |    0,00000000  |    0,00020000  |    4,50000000  |   44,49000000  |   21,07318765  |  1328,72041162  |  1329,00483327  |  1329,14968694  |    1,00000000  |  
